Année BAAC : 2019
Fichiers de candidats : 31
Accidents BAAC géolocalisés : 58,840
Accidents présents dans ≥ 1 fichier : 58,691
Accidents appariés dans ≥ 1 région : 58,501
Évalués, mais sans candidat dans aucune région : 190
Absents de tous les fichiers de candidats : 149
Taux d'appariement sur BAAC géolocalisé : 99.42%
Taux d'appariement parmi les accidents évalués : 99.68%

Résumé par département :
dep  matched  evaluated_unmatched  not_evaluated  total_baac  taux_matching_total_pct  taux_matching_evalues_pct
  1      472                    2              0         474                    99.58                      99.58
 10      382                    2              0         384                    99.48                      99.48
 11      317                    1              0         318                    99.69                      99.69
 12      193                    1              0         194                    99.48                      99.48
 13     2984                   13              0        2997                    99.57                      99.57
 14      548                    9              0         557                    98.38                      98.38
 15       86                    1              0          87                    98.85                      98.85
 16      183                    2              0         185                    98.92                      98.92
 17      635                    0              0         635                   100.00                     100.00
 18      162                    2              0         164                    98.78                      98.78
 19      185                    1              0         186                    99.46                      99.46
  2      210                    0              0         210                   100.00                     100.00
 21      205                    0              0         205                   100.00                     100.00
 22      436                    0              0         436                   100.00                     100.00
 23       59                    0              0          59                   100.00                     100.00
 24      199                    1              0         200                    99.50                      99.50
 25      261                    0              0         261                   100.00                     100.00
 26      318                    0              0         318                   100.00                     100.00
 27      391                    1              0         392                    99.74                      99.74
 28      230                    0              0         230                   100.00                     100.00
 29      696                    0              0         696                   100.00                     100.00
 2A      277                    0              0         277                   100.00                     100.00
 2B      328                   10              0         338                    97.04                      97.04
  3      247                    1              0         248                    99.60                      99.60
 30      457                    7              0         464                    98.49                      98.49
 31      808                    1              0         809                    99.88                      99.88
 32      162                    1              0         163                    99.39                      99.39
 33     1445                    0              0        1445                   100.00                     100.00
 34      829                    4              0         833                    99.52                      99.52
 35      778                    1              0         779                    99.87                      99.87
 36      147                    0              0         147                   100.00                     100.00
 37      712                    2              0         714                    99.72                      99.72
 38      703                    2              0         705                    99.72                      99.72
 39      108                    0              0         108                   100.00                     100.00
  4      230                    0              0         230                   100.00                     100.00
 40      170                    1              0         171                    99.42                      99.42
 41      253                    2              0         255                    99.22                      99.22
 42      389                    1              0         390                    99.74                      99.74
 43      126                    1              0         127                    99.21                      99.21
 44      598                    0              0         598                   100.00                     100.00
 45      616                    0              0         616                   100.00                     100.00
 46       91                    0              0          91                   100.00                     100.00
 47      184                    1              0         185                    99.46                      99.46
 48       84                    0              0          84                   100.00                     100.00
 49      746                    3              0         749                    99.60                      99.60
  5      252                    0              0         252                   100.00                     100.00
 50      449                    2              0         451                    99.56                      99.56
 51      485                    0              0         485                   100.00                     100.00
 52      119                    1              0         120                    99.17                      99.17
 53      109                    0              0         109                   100.00                     100.00
 54      577                    0              0         577                   100.00                     100.00
 55      104                    2              0         106                    98.11                      98.11
 56      584                    0              0         584                   100.00                     100.00
 57      368                    3              0         371                    99.19                      99.19
 58      180                    0              0         180                   100.00                     100.00
 59      864                    7              0         871                    99.20                      99.20
  6     1069                    3              0        1072                    99.72                      99.72
 60      471                    1              0         472                    99.79                      99.79
 61      197                    1              0         198                    99.49                      99.49
 62      569                    5              0         574                    99.13                      99.13
 63      456                    0              0         456                   100.00                     100.00
 64      848                    2              0         850                    99.76                      99.76
 65      126                    0              0         126                   100.00                     100.00
 66      356                    0              0         356                   100.00                     100.00
 67      795                    1              0         796                    99.87                      99.87
 68      436                    1              0         437                    99.77                      99.77
 69     2521                    2              0        2523                    99.92                      99.92
  7      265                    0              0         265                   100.00                     100.00
 70      124                    0              0         124                   100.00                     100.00
 71      505                    2              0         507                    99.61                      99.61
 72      377                    4              0         381                    98.95                      98.95
 73      241                    0              0         241                   100.00                     100.00
 74      547                    0              0         547                   100.00                     100.00
 75     5608                    2              0        5610                    99.96                      99.96
 76      707                    0              0         707                   100.00                     100.00
 77     1019                    1              0        1020                    99.90                      99.90
 78      675                    1              0         676                    99.85                      99.85
 79      214                    0              0         214                   100.00                     100.00
  8       91                    0              0          91                   100.00                     100.00
 80      467                    3              0         470                    99.36                      99.36
 81      207                    0              0         207                   100.00                     100.00
 82      160                    0              0         160                   100.00                     100.00
 83      738                    7              0         745                    99.06                      99.06
 84      245                    0              0         245                   100.00                     100.00
 85      330                    2              0         332                    99.40                      99.40
 86      273                    1              0         274                    99.64                      99.64
 87      423                    1              0         424                    99.76                      99.76
 88      184                    0              0         184                   100.00                     100.00
 89      218                    0              0         218                   100.00                     100.00
  9      123                    1              0         124                    99.19                      99.19
 90       47                    0              0          47                   100.00                     100.00
 91     1454                    6              0        1460                    99.59                      99.59
 92     2446                    0              0        2446                   100.00                     100.00
 93     3125                    4              1        3130                    99.84                      99.87
 94     2675                    6              0        2681                    99.78                      99.78
 95      797                    9              0         806                    98.88                      98.88
971      347                   10              1         358                    96.93                      97.20
972      512                    1             14         527                    97.15                      99.81
973      386                    1              0         387                    99.74                      99.74
974      769                   10              0         779                    98.72                      98.72
975        4                    0              0           4                   100.00                     100.00
976      213                    9              0         222                    95.95                      95.95
977       16                    0              0          16                   100.00                     100.00
978       31                    0              2          33                    93.94                     100.00
986        4                    0              6          10                    40.00                     100.00
987        0                    0            125         125                     0.00                        NaN
988      359                    4              0         363                    98.90                      98.90

Audit détaillé : outputs/audit/global-match-status-2019.csv
Synthèse départementale : outputs/audit/global-match-summary-2019.csv
Année BAAC : 2020
Fichiers de candidats : 31
Accidents BAAC géolocalisés : 47,744
Accidents présents dans ≥ 1 fichier : 47,625
Accidents appariés dans ≥ 1 région : 47,506
Évalués, mais sans candidat dans aucune région : 119
Absents de tous les fichiers de candidats : 119
Taux d'appariement sur BAAC géolocalisé : 99.50%
Taux d'appariement parmi les accidents évalués : 99.75%

Résumé par département :
dep  matched  evaluated_unmatched  not_evaluated  total_baac  taux_matching_total_pct  taux_matching_evalues_pct
 01      385                    0              0         385                   100.00                     100.00
 02      194                    1              0         195                    99.49                      99.49
 03      228                    0              0         228                   100.00                     100.00
 04      179                    0              0         179                   100.00                     100.00
 05      231                    0              0         231                   100.00                     100.00
 06      813                    2              0         815                    99.75                      99.75
 07      207                    0              0         207                   100.00                     100.00
 08      101                    3              0         104                    97.12                      97.12
 09      139                    1              0         140                    99.29                      99.29
 10      300                    2              0         302                    99.34                      99.34
 11      280                    0              0         280                   100.00                     100.00
 12      150                    0              0         150                   100.00                     100.00
 13     2260                    5              0        2265                    99.78                      99.78
 14      427                    2              0         429                    99.53                      99.53
 15      125                    0              0         125                   100.00                     100.00
 16      136                    0              0         136                   100.00                     100.00
 17      445                    1              0         446                    99.78                      99.78
 18      150                    0              0         150                   100.00                     100.00
 19      137                    0              0         137                   100.00                     100.00
 21      169                    0              0         169                   100.00                     100.00
 22      367                    2              0         369                    99.46                      99.46
 23       33                    1              0          34                    97.06                      97.06
 24      158                    0              0         158                   100.00                     100.00
 25      238                    0              0         238                   100.00                     100.00
 26      273                    0              0         273                   100.00                     100.00
 27      379                    1              0         380                    99.74                      99.74
 28      184                    1              0         185                    99.46                      99.46
 29      634                    0              0         634                   100.00                     100.00
 2A      184                    2              0         186                    98.92                      98.92
 2B      190                    9              0         199                    95.48                      95.48
 30      356                    2              0         358                    99.44                      99.44
 31      614                    1              0         615                    99.84                      99.84
 32      104                    2              0         106                    98.11                      98.11
 33     1205                    1              0        1206                    99.92                      99.92
 34      593                    1              0         594                    99.83                      99.83
 35      645                    5              0         650                    99.23                      99.23
 36       76                    0              0          76                   100.00                     100.00
 37      517                    0              0         517                   100.00                     100.00
 38      565                    1              0         566                    99.82                      99.82
 39      111                    0              0         111                   100.00                     100.00
 40      143                    0              0         143                   100.00                     100.00
 41      168                    1              0         169                    99.41                      99.41
 42      319                    0              0         319                   100.00                     100.00
 43      103                    0              0         103                   100.00                     100.00
 44      440                    0              0         440                   100.00                     100.00
 45      433                    1              0         434                    99.77                      99.77
 46       71                    0              0          71                   100.00                     100.00
 47      144                    1              0         145                    99.31                      99.31
 48       69                    1              0          70                    98.57                      98.57
 49      555                    2              0         557                    99.64                      99.64
 50      344                    1              0         345                    99.71                      99.71
 51      403                    0              0         403                   100.00                     100.00
 52      111                    0              0         111                   100.00                     100.00
 53      106                    2              0         108                    98.15                      98.15
 54      454                    0              0         454                   100.00                     100.00
 55       89                    0              0          89                   100.00                     100.00
 56      425                    0              0         425                   100.00                     100.00
 57      304                    3              0         307                    99.02                      99.02
 58      122                    1              0         123                    99.19                      99.19
 59      751                    1              0         752                    99.87                      99.87
 60      503                    2              0         505                    99.60                      99.60
 61      181                    0              0         181                   100.00                     100.00
 62      440                    0              0         440                   100.00                     100.00
 63      367                    0              0         367                   100.00                     100.00
 64      779                    1              0         780                    99.87                      99.87
 65      163                    0              0         163                   100.00                     100.00
 66      289                    0              0         289                   100.00                     100.00
 67      567                    0              0         567                   100.00                     100.00
 68      316                    1              0         317                    99.68                      99.68
 69     2008                    1              0        2009                    99.95                      99.95
 70      105                    0              0         105                   100.00                     100.00
 71      360                    0              0         360                   100.00                     100.00
 72      260                    8              0         268                    97.01                      97.01
 73      199                    0              0         199                   100.00                     100.00
 74      409                    0              0         409                   100.00                     100.00
 75     4724                    2              0        4726                    99.96                      99.96
 76      594                    0              0         594                   100.00                     100.00
 77      681                    1              0         682                    99.85                      99.85
 78      600                    0              0         600                   100.00                     100.00
 79      161                    1              0         162                    99.38                      99.38
 80      380                    2              0         382                    99.48                      99.48
 81      175                    1              0         176                    99.43                      99.43
 82      133                    0              0         133                   100.00                     100.00
 83      713                    3              0         716                    99.58                      99.58
 84      202                    0              0         202                   100.00                     100.00
 85      267                    0              0         267                   100.00                     100.00
 86      198                    2              0         200                    99.00                      99.00
 87      353                    0              0         353                   100.00                     100.00
 88      134                    0              0         134                   100.00                     100.00
 89      158                    1              0         159                    99.37                      99.37
 90       40                    0              0          40                   100.00                     100.00
 91     1224                    4              0        1228                    99.67                      99.67
 92     1929                    1              0        1930                    99.95                      99.95
 93     2523                    0              0        2523                   100.00                     100.00
 94     2160                    2              0        2162                    99.91                      99.91
 95      688                    9              0         697                    98.71                      98.71
971      375                    0              0         375                   100.00                     100.00
972      458                    4              0         462                    99.13                      99.13
973      392                    1              0         393                    99.75                      99.75
974      710                    6              0         716                    99.16                      99.16
975        3                    0              0           3                   100.00                     100.00
976      168                    6              0         174                    96.55                      96.55
977       13                    0              0          13                   100.00                     100.00
978       31                    0              0          31                   100.00                     100.00
986        4                    0              5           9                    44.44                     100.00
987        0                    0            114         114                     0.00                        NaN
988      333                    0              0         333                   100.00                     100.00

Audit détaillé : outputs/audit/global-match-status-2020.csv
Synthèse départementale : outputs/audit/global-match-summary-2020.csv
Année BAAC : 2021
Fichiers de candidats : 33
Accidents BAAC géolocalisés : 56,518
Accidents présents dans ≥ 1 fichier : 56,518
Accidents appariés dans ≥ 1 région : 56,428
Évalués, mais sans candidat dans aucune région : 90
Absents de tous les fichiers de candidats : 0
Taux d'appariement sur BAAC géolocalisé : 99.84%
Taux d'appariement parmi les accidents évalués : 99.84%

Résumé par département :
dep  matched  evaluated_unmatched  not_evaluated  total_baac  taux_matching_total_pct  taux_matching_evalues_pct
 01      422                    0              0         422                   100.00                     100.00
 02      199                    0              0         199                   100.00                     100.00
 03      229                    1              0         230                    99.57                      99.57
 04      202                    0              0         202                   100.00                     100.00
 05      250                    0              0         250                   100.00                     100.00
 06      940                    1              0         941                    99.89                      99.89
 07      278                    0              0         278                   100.00                     100.00
 08      104                    0              0         104                   100.00                     100.00
 09      155                    0              0         155                   100.00                     100.00
 10      381                    1              0         382                    99.74                      99.74
 11      348                    2              0         350                    99.43                      99.43
 12      179                    0              0         179                   100.00                     100.00
 13     2776                    3              0        2779                    99.89                      99.89
 14      539                    2              0         541                    99.63                      99.63
 15      114                    1              0         115                    99.13                      99.13
 16      134                    0              0         134                   100.00                     100.00
 17      513                    0              0         513                   100.00                     100.00
 18      161                    1              0         162                    99.38                      99.38
 19      169                    0              0         169                   100.00                     100.00
 21      210                    0              0         210                   100.00                     100.00
 22      325                    1              0         326                    99.69                      99.69
 23       45                    0              0          45                   100.00                     100.00
 24      216                    1              0         217                    99.54                      99.54
 25      289                    0              0         289                   100.00                     100.00
 26      339                    1              0         340                    99.71                      99.71
 27      486                    1              0         487                    99.79                      99.79
 28      263                    0              0         263                   100.00                     100.00
 29      741                    0              0         741                   100.00                     100.00
 2A      245                    0              0         245                   100.00                     100.00
 2B      292                    4              0         296                    98.65                      98.65
 30      445                    1              0         446                    99.78                      99.78
 31      667                    1              0         668                    99.85                      99.85
 32      141                    1              0         142                    99.30                      99.30
 33     1398                    3              0        1401                    99.79                      99.79
 34      589                    0              0         589                   100.00                     100.00
 35      779                    0              0         779                   100.00                     100.00
 36       95                    1              0          96                    98.96                      98.96
 37      669                    1              0         670                    99.85                      99.85
 38      693                    1              0         694                    99.86                      99.86
 39      129                    0              0         129                   100.00                     100.00
 40      167                    0              0         167                   100.00                     100.00
 41      201                    0              0         201                   100.00                     100.00
 42      413                    1              0         414                    99.76                      99.76
 43      149                    0              0         149                   100.00                     100.00
 44      520                    1              0         521                    99.81                      99.81
 45      434                    0              0         434                   100.00                     100.00
 46      100                    0              0         100                   100.00                     100.00
 47      192                    1              0         193                    99.48                      99.48
 48       75                    0              0          75                   100.00                     100.00
 49      687                    1              0         688                    99.85                      99.85
 50      406                    1              0         407                    99.75                      99.75
 51      530                    0              0         530                   100.00                     100.00
 52      121                    0              0         121                   100.00                     100.00
 53      140                    0              0         140                   100.00                     100.00
 54      558                    0              0         558                   100.00                     100.00
 55      118                    0              0         118                   100.00                     100.00
 56      551                    0              0         551                   100.00                     100.00
 57      286                    1              0         287                    99.65                      99.65
 58      172                    1              0         173                    99.42                      99.42
 59     1029                    0              0        1029                   100.00                     100.00
 60      514                    2              0         516                    99.61                      99.61
 61      257                    0              0         257                   100.00                     100.00
 62      451                    1              0         452                    99.78                      99.78
 63      547                    1              0         548                    99.82                      99.82
 64      950                    1              0         951                    99.89                      99.89
 65      265                    0              0         265                   100.00                     100.00
 66      384                    0              0         384                   100.00                     100.00
 67      622                    0              0         622                   100.00                     100.00
 68      373                    0              0         373                   100.00                     100.00
 69     2441                    2              0        2443                    99.92                      99.92
 70      110                    0              0         110                   100.00                     100.00
 71      466                    1              0         467                    99.79                      99.79
 72      395                    0              0         395                   100.00                     100.00
 73      240                    0              0         240                   100.00                     100.00
 74      453                    0              0         453                   100.00                     100.00
 75     5069                    0              0        5069                   100.00                     100.00
 76      715                    0              0         715                   100.00                     100.00
 77      770                    0              0         770                   100.00                     100.00
 78      687                    0              0         687                   100.00                     100.00
 79      217                    0              0         217                   100.00                     100.00
 80      450                    2              0         452                    99.56                      99.56
 81      204                    0              0         204                   100.00                     100.00
 82      137                    0              0         137                   100.00                     100.00
 83      850                    0              0         850                   100.00                     100.00
 84      267                    0              0         267                   100.00                     100.00
 85      340                    1              0         341                    99.71                      99.71
 86      220                    1              0         221                    99.55                      99.55
 87      435                    2              0         437                    99.54                      99.54
 88      175                    0              0         175                   100.00                     100.00
 89      198                    0              0         198                   100.00                     100.00
 90       43                    0              0          43                   100.00                     100.00
 91     1440                    1              0        1441                    99.93                      99.93
 92     2433                    0              0        2433                   100.00                     100.00
 93     2895                    1              0        2896                    99.97                      99.97
 94     2492                    1              0        2493                    99.96                      99.96
 95      983                    1              0         984                    99.90                      99.90
971      452                    3              0         455                    99.34                      99.34
972      488                    0              0         488                   100.00                     100.00
973      530                    0              0         530                   100.00                     100.00
974      813                    1              0         814                    99.88                      99.88
975        4                    1              0           5                    80.00                      80.00
976      215                    1              0         216                    99.54                      99.54
977       22                    0              0          22                   100.00                     100.00
978       40                    0              0          40                   100.00                     100.00
986       11                    2              0          13                    84.62                      84.62
987       98                   28              0         126                    77.78                      77.78
988      269                    0              0         269                   100.00                     100.00

Audit détaillé : outputs/audit/global-match-status-2021.csv
Synthèse départementale : outputs/audit/global-match-summary-2021.csv
Année BAAC : 2022
Fichiers de candidats : 33
Accidents BAAC géolocalisés : 55,302
Accidents présents dans ≥ 1 fichier : 55,302
Accidents appariés dans ≥ 1 région : 55,164
Évalués, mais sans candidat dans aucune région : 138
Absents de tous les fichiers de candidats : 0
Taux d'appariement sur BAAC géolocalisé : 99.75%
Taux d'appariement parmi les accidents évalués : 99.75%

Résumé par département :
dep  matched  evaluated_unmatched  not_evaluated  total_baac  taux_matching_total_pct  taux_matching_evalues_pct
 01      484                    0              0         484                   100.00                     100.00
 02      230                    1              0         231                    99.57                      99.57
 03      236                    0              0         236                   100.00                     100.00
 04      224                    0              0         224                   100.00                     100.00
 05      219                    0              0         219                   100.00                     100.00
 06      858                    0              0         858                   100.00                     100.00
 07      259                    0              0         259                   100.00                     100.00
 08       96                    0              0          96                   100.00                     100.00
 09      157                    0              0         157                   100.00                     100.00
 10      359                    0              0         359                   100.00                     100.00
 11      331                    0              0         331                   100.00                     100.00
 12      173                    0              0         173                   100.00                     100.00
 13     2253                    2              0        2255                    99.91                      99.91
 14      477                    0              0         477                   100.00                     100.00
 15      143                    0              0         143                   100.00                     100.00
 16      145                    0              0         145                   100.00                     100.00
 17      432                    1              0         433                    99.77                      99.77
 18      174                    0              0         174                   100.00                     100.00
 19      160                    1              0         161                    99.38                      99.38
 21      219                    0              0         219                   100.00                     100.00
 22      442                    0              0         442                   100.00                     100.00
 23       45                    0              0          45                   100.00                     100.00
 24      195                    0              0         195                   100.00                     100.00
 25      356                    0              0         356                   100.00                     100.00
 26      327                    0              0         327                   100.00                     100.00
 27      479                    1              0         480                    99.79                      99.79
 28      218                    1              0         219                    99.54                      99.54
 29      804                    0              0         804                   100.00                     100.00
 2A      288                    0              0         288                   100.00                     100.00
 2B      320                    0              0         320                   100.00                     100.00
 30      411                    0              0         411                   100.00                     100.00
 31      601                    0              0         601                   100.00                     100.00
 32      137                    1              0         138                    99.28                      99.28
 33     1291                    0              0        1291                   100.00                     100.00
 34      561                    0              0         561                   100.00                     100.00
 35      748                    0              0         748                   100.00                     100.00
 36      103                    0              0         103                   100.00                     100.00
 37      583                    0              0         583                   100.00                     100.00
 38      646                    2              0         648                    99.69                      99.69
 39      140                    0              0         140                   100.00                     100.00
 40      181                    0              0         181                   100.00                     100.00
 41      197                    1              0         198                    99.49                      99.49
 42      482                    2              0         484                    99.59                      99.59
 43      195                    0              0         195                   100.00                     100.00
 44      491                    0              0         491                   100.00                     100.00
 45      461                    0              0         461                   100.00                     100.00
 46      105                    0              0         105                   100.00                     100.00
 47      225                    0              0         225                   100.00                     100.00
 48       73                    0              0          73                   100.00                     100.00
 49      696                    0              0         696                   100.00                     100.00
 50      403                    2              0         405                    99.51                      99.51
 51      581                    0              0         581                   100.00                     100.00
 52      107                    0              0         107                   100.00                     100.00
 53      148                    0              0         148                   100.00                     100.00
 54      566                    1              0         567                    99.82                      99.82
 55      113                    1              0         114                    99.12                      99.12
 56      490                    1              0         491                    99.80                      99.80
 57      352                    0              0         352                   100.00                     100.00
 58      171                    0              0         171                   100.00                     100.00
 59     1154                    1              0        1155                    99.91                      99.91
 60      542                    1              0         543                    99.82                      99.82
 61      261                    2              0         263                    99.24                      99.24
 62      494                    0              0         494                   100.00                     100.00
 63      485                    2              0         487                    99.59                      99.59
 64      873                    0              0         873                   100.00                     100.00
 65      198                    0              0         198                   100.00                     100.00
 66      411                    0              0         411                   100.00                     100.00
 67      682                    0              0         682                   100.00                     100.00
 68      318                    1              0         319                    99.69                      99.69
 69     2192                    0              0        2192                   100.00                     100.00
 70       92                    0              0          92                   100.00                     100.00
 71      500                    1              0         501                    99.80                      99.80
 72      413                    2              0         415                    99.52                      99.52
 73      269                    0              0         269                   100.00                     100.00
 74      556                    0              0         556                   100.00                     100.00
 75     5067                    4              0        5071                    99.92                      99.92
 76      756                    3              0         759                    99.60                      99.60
 77      860                    0              0         860                   100.00                     100.00
 78      723                    0              0         723                   100.00                     100.00
 79      193                    0              0         193                   100.00                     100.00
 80      360                    2              0         362                    99.45                      99.45
 81      231                    0              0         231                   100.00                     100.00
 82      139                    0              0         139                   100.00                     100.00
 83      828                    0              0         828                   100.00                     100.00
 84      264                    1              0         265                    99.62                      99.62
 85      375                    0              0         375                   100.00                     100.00
 86      181                    0              0         181                   100.00                     100.00
 87      420                    0              0         420                   100.00                     100.00
 88      181                    0              0         181                   100.00                     100.00
 89      210                    0              0         210                   100.00                     100.00
 90       49                    0              0          49                   100.00                     100.00
 91     1300                    3              0        1303                    99.77                      99.77
 92     2510                    0              0        2510                   100.00                     100.00
 93     2756                    0              0        2756                   100.00                     100.00
 94     2280                    0              0        2280                   100.00                     100.00
 95      854                    1              0         855                    99.88                      99.88
971      450                    0              0         450                   100.00                     100.00
972      500                    0              0         500                   100.00                     100.00
973      558                    0              0         558                   100.00                     100.00
974      743                    5              0         748                    99.33                      99.33
975        3                    0              0           3                   100.00                     100.00
976      190                    2              0         192                    98.96                      98.96
977        7                    0              0           7                   100.00                     100.00
978       21                    0              0          21                   100.00                     100.00
986       13                    1              0          14                    92.86                      92.86
987       86                   88              0         174                    49.43                      49.43
988      255                    0              0         255                   100.00                     100.00

Audit détaillé : outputs/audit/global-match-status-2022.csv
Synthèse départementale : outputs/audit/global-match-summary-2022.csv
Année BAAC : 2023
Fichiers de candidats : 33
Accidents BAAC géolocalisés : 54,822
Accidents présents dans ≥ 1 fichier : 54,818
Accidents appariés dans ≥ 1 région : 54,681
Évalués, mais sans candidat dans aucune région : 137
Absents de tous les fichiers de candidats : 4
Taux d'appariement sur BAAC géolocalisé : 99.74%
Taux d'appariement parmi les accidents évalués : 99.75%

Résumé par département :
dep  matched  evaluated_unmatched  not_evaluated  total_baac  taux_matching_total_pct  taux_matching_evalues_pct
 01      381                    1              0         382                    99.74                      99.74
 02      253                    0              0         253                   100.00                     100.00
 03      234                    1              0         235                    99.57                      99.57
 04      193                    0              0         193                   100.00                     100.00
 05      201                    0              0         201                   100.00                     100.00
 06      835                    0              0         835                   100.00                     100.00
 07      276                    0              0         276                   100.00                     100.00
 08      106                    0              0         106                   100.00                     100.00
 09      127                    0              0         127                   100.00                     100.00
 10      382                    1              0         383                    99.74                      99.74
 11      361                    0              0         361                   100.00                     100.00
 12      191                    0              0         191                   100.00                     100.00
 13     2054                    3              0        2057                    99.85                      99.85
 14      482                    0              0         482                   100.00                     100.00
 15      168                    0              0         168                   100.00                     100.00
 16      128                    0              0         128                   100.00                     100.00
 17      414                    0              0         414                   100.00                     100.00
 18      177                    0              0         177                   100.00                     100.00
 19      203                    0              0         203                   100.00                     100.00
 21      242                    0              0         242                   100.00                     100.00
 22      511                    0              0         511                   100.00                     100.00
 23       44                    0              0          44                   100.00                     100.00
 24      196                    0              0         196                   100.00                     100.00
 25      376                    0              0         376                   100.00                     100.00
 26      291                    2              0         293                    99.32                      99.32
 27      449                    1              0         450                    99.78                      99.78
 28      280                    0              0         280                   100.00                     100.00
 29      711                    0              0         711                   100.00                     100.00
 2A      286                    0              0         286                   100.00                     100.00
 2B      338                    8              0         346                    97.69                      97.69
 30      429                    0              0         429                   100.00                     100.00
 31      533                    2              0         535                    99.63                      99.63
 32      126                    0              0         126                   100.00                     100.00
 33     1188                    1              0        1189                    99.92                      99.92
 34      659                    0              0         659                   100.00                     100.00
 35      731                    0              0         731                   100.00                     100.00
 36      115                    0              0         115                   100.00                     100.00
 37      584                    1              0         585                    99.83                      99.83
 38      652                    0              0         652                   100.00                     100.00
 39      157                    0              0         157                   100.00                     100.00
 40      170                    0              0         170                   100.00                     100.00
 41      210                    0              0         210                   100.00                     100.00
 42      379                    0              0         379                   100.00                     100.00
 43      213                    0              0         213                   100.00                     100.00
 44      687                    1              0         688                    99.85                      99.85
 45      443                    0              0         443                   100.00                     100.00
 46      125                    0              0         125                   100.00                     100.00
 47      255                    0              0         255                   100.00                     100.00
 48       70                    0              0          70                   100.00                     100.00
 49      712                    0              0         712                   100.00                     100.00
 50      424                    0              0         424                   100.00                     100.00
 51      558                    0              0         558                   100.00                     100.00
 52      110                    1              0         111                    99.10                      99.10
 53      130                    0              0         130                   100.00                     100.00
 54      602                    0              0         602                   100.00                     100.00
 55      111                    0              0         111                   100.00                     100.00
 56      533                    0              0         533                   100.00                     100.00
 57      351                    0              0         351                   100.00                     100.00
 58      193                    0              0         193                   100.00                     100.00
 59     1002                    2              0        1004                    99.80                      99.80
 60      517                    0              0         517                   100.00                     100.00
 61      236                    0              0         236                   100.00                     100.00
 62      614                    0              0         614                   100.00                     100.00
 63      529                    0              0         529                   100.00                     100.00
 64      879                    0              0         879                   100.00                     100.00
 65      218                    0              0         218                   100.00                     100.00
 66      378                    0              0         378                   100.00                     100.00
 67      608                    0              0         608                   100.00                     100.00
 68      367                    0              0         367                   100.00                     100.00
 69     1921                    0              0        1921                   100.00                     100.00
 70      108                    0              0         108                   100.00                     100.00
 71      528                    2              0         530                    99.62                      99.62
 72      463                    0              0         463                   100.00                     100.00
 73      290                    0              0         290                   100.00                     100.00
 74      525                    0              0         525                   100.00                     100.00
 75     4760                    3              0        4763                    99.94                      99.94
 76      790                    0              0         790                   100.00                     100.00
 77      892                    0              0         892                   100.00                     100.00
 78      646                    0              0         646                   100.00                     100.00
 79      175                    1              0         176                    99.43                      99.43
 80      274                    0              0         274                   100.00                     100.00
 81      206                    0              0         206                   100.00                     100.00
 82      147                    0              0         147                   100.00                     100.00
 83      804                    0              0         804                   100.00                     100.00
 84      336                    0              0         336                   100.00                     100.00
 85      387                    0              0         387                   100.00                     100.00
 86      224                    0              0         224                   100.00                     100.00
 87      422                    0              0         422                   100.00                     100.00
 88      176                    1              0         177                    99.44                      99.44
 89      168                    0              0         168                   100.00                     100.00
 90       37                    0              0          37                   100.00                     100.00
 91     1319                    0              0        1319                   100.00                     100.00
 92     2563                    0              0        2563                   100.00                     100.00
 93     2650                    0              0        2650                   100.00                     100.00
 94     2203                    1              0        2204                    99.95                      99.95
 95      906                    0              0         906                   100.00                     100.00
971      558                    0              0         558                   100.00                     100.00
972      546                    0              0         546                   100.00                     100.00
973      600                    0              0         600                   100.00                     100.00
974      881                    1              0         882                    99.89                      99.89
975        2                    0              0           2                   100.00                     100.00
976      154                    0              0         154                   100.00                     100.00
977        7                    0              0           7                   100.00                     100.00
978       30                    0              0          30                   100.00                     100.00
986       10                    0              0          10                   100.00                     100.00
987       64                  102              4         170                    37.65                      38.55
988      221                    1              0         222                    99.55                      99.55

Audit détaillé : outputs/audit/global-match-status-2023.csv
Synthèse départementale : outputs/audit/global-match-summary-2023.csv
Année BAAC : 2024
Fichiers de candidats : 33
Accidents BAAC géolocalisés : 54,402
Accidents présents dans ≥ 1 fichier : 54,391
Accidents appariés dans ≥ 1 région : 54,307
Évalués, mais sans candidat dans aucune région : 84
Absents de tous les fichiers de candidats : 11
Taux d'appariement sur BAAC géolocalisé : 99.83%
Taux d'appariement parmi les accidents évalués : 99.85%

Résumé par département :
dep  matched  evaluated_unmatched  not_evaluated  total_baac  taux_matching_total_pct  taux_matching_evalues_pct
 01      480                    0              0         480                   100.00                     100.00
 02      207                    0              0         207                   100.00                     100.00
 03      233                    0              0         233                   100.00                     100.00
 04      184                    0              0         184                   100.00                     100.00
 05      171                    0              0         171                   100.00                     100.00
 06      782                    1              0         783                    99.87                      99.87
 07      338                    0              0         338                   100.00                     100.00
 08      100                    0              0         100                   100.00                     100.00
 09      122                    0              0         122                   100.00                     100.00
 10      326                    1              0         327                    99.69                      99.69
 11      356                    0              0         356                   100.00                     100.00
 12      207                    0              0         207                   100.00                     100.00
 13     2114                    6              0        2120                    99.72                      99.72
 14      546                    0              0         546                   100.00                     100.00
 15      173                    1              0         174                    99.43                      99.43
 16      152                    1              0         153                    99.35                      99.35
 17      363                    0              0         363                   100.00                     100.00
 18      160                    0              0         160                   100.00                     100.00
 19      225                    0              0         225                   100.00                     100.00
 21      206                    0              0         206                   100.00                     100.00
 22      398                    0              0         398                   100.00                     100.00
 23       73                    0              0          73                   100.00                     100.00
 24      175                    0              0         175                   100.00                     100.00
 25      358                    1              0         359                    99.72                      99.72
 26      303                    0              0         303                   100.00                     100.00
 27      434                    0              0         434                   100.00                     100.00
 28      262                    0              0         262                   100.00                     100.00
 29      721                    0              0         721                   100.00                     100.00
 2A      278                    2              0         280                    99.29                      99.29
 2B      277                   11              4         292                    94.86                      96.18
 30      441                    0              0         441                   100.00                     100.00
 31      561                    0              0         561                   100.00                     100.00
 32      145                    2              0         147                    98.64                      98.64
 33     1202                    0              0        1202                   100.00                     100.00
 34      798                    0              0         798                   100.00                     100.00
 35      620                    1              0         621                    99.84                      99.84
 36      158                    0              0         158                   100.00                     100.00
 37      523                    0              0         523                   100.00                     100.00
 38      650                    0              0         650                   100.00                     100.00
 39      165                    0              0         165                   100.00                     100.00
 40      214                    0              0         214                   100.00                     100.00
 41      175                    0              0         175                   100.00                     100.00
 42      448                    1              0         449                    99.78                      99.78
 43      201                    0              0         201                   100.00                     100.00
 44      811                    1              0         812                    99.88                      99.88
 45      441                    0              0         441                   100.00                     100.00
 46      112                    0              0         112                   100.00                     100.00
 47      246                    1              0         247                    99.60                      99.60
 48       72                    0              0          72                   100.00                     100.00
 49      621                    1              0         622                    99.84                      99.84
 50      400                    0              0         400                   100.00                     100.00
 51      635                    0              0         635                   100.00                     100.00
 52      108                    0              0         108                   100.00                     100.00
 53      113                    0              0         113                   100.00                     100.00
 54      576                    0              0         576                   100.00                     100.00
 55      117                    0              0         117                   100.00                     100.00
 56      600                    0              0         600                   100.00                     100.00
 57      329                    0              0         329                   100.00                     100.00
 58      153                    0              0         153                   100.00                     100.00
 59     1022                    1              0        1023                    99.90                      99.90
 60      439                    0              0         439                   100.00                     100.00
 61      242                    0              0         242                   100.00                     100.00
 62      668                    0              0         668                   100.00                     100.00
 63      571                    1              0         572                    99.83                      99.83
 64      879                    1              0         880                    99.89                      99.89
 65      215                    0              0         215                   100.00                     100.00
 66      351                    0              0         351                   100.00                     100.00
 67      542                    2              0         544                    99.63                      99.63
 68      350                    1              0         351                    99.72                      99.72
 69     1626                    1              0        1627                    99.94                      99.94
 70      103                    0              0         103                   100.00                     100.00
 71      456                    0              0         456                   100.00                     100.00
 72      456                    0              0         456                   100.00                     100.00
 73      320                    0              0         320                   100.00                     100.00
 74      507                    0              0         507                   100.00                     100.00
 75     4190                    1              0        4191                    99.98                      99.98
 76      752                    0              0         752                   100.00                     100.00
 77     1068                    0              0        1068                   100.00                     100.00
 78      727                    1              0         728                    99.86                      99.86
 79      167                    0              0         167                   100.00                     100.00
 80      366                    1              0         367                    99.73                      99.73
 81      239                    0              0         239                   100.00                     100.00
 82      173                    0              0         173                   100.00                     100.00
 83      866                    0              0         866                   100.00                     100.00
 84      608                    0              0         608                   100.00                     100.00
 85      357                    0              0         357                   100.00                     100.00
 86      217                    0              0         217                   100.00                     100.00
 87      355                    1              0         356                    99.72                      99.72
 88      193                    0              0         193                   100.00                     100.00
 89      188                    0              0         188                   100.00                     100.00
 90       61                    0              0          61                   100.00                     100.00
 91     1346                    2              0        1348                    99.85                      99.85
 92     2485                    0              0        2485                   100.00                     100.00
 93     2640                    0              0        2640                   100.00                     100.00
 94     1963                    0              0        1963                   100.00                     100.00
 95      943                    0              0         943                   100.00                     100.00
971      616                    0              0         616                   100.00                     100.00
972      551                    0              0         551                   100.00                     100.00
973      631                    0              0         631                   100.00                     100.00
974      934                    0              0         934                   100.00                     100.00
975        2                    0              0           2                   100.00                     100.00
976      112                    0              7         119                    94.12                     100.00
977       21                    1              0          22                    95.45                      95.45
978       37                    0              0          37                   100.00                     100.00
986        6                    0              0           6                   100.00                     100.00
987      231                   39              0         270                    85.56                      85.56
988      156                    0              0         156                   100.00                     100.00

Audit détaillé : outputs/audit/global-match-status-2024.csv
Synthèse départementale : outputs/audit/global-match-summary-2024.csv
